channeId 0
dimensionality 3
Interstitial table:
18	12.9093	7.51749	2.7102	0	-1	0	0.811795
27	12.7778	7.74702	2.56554	0	-1	0	0.812224
0	1.22712	6.01125	0.891047	0	0	0	0.855847
1	0.288168	3.73952	3.53546	0	0	0	0.812224
2	12.9093	4.50501	2.7102	0	0	0	0.811795
3	2.91842	6.01125	0.288464	0	0	0	1.14643
4	13.0311	3.95692	0.051415	0	0	0	0.930634
5	3.59885	2.00375	3.31982	0	0	0	1.14643
6	4.34093	3.77058	2.37851	0	0	0	0.736719
7	0.0546461	4.06274	6.06516	0	0	0	0.930634
8	3.38072	2.00375	0.418937	0	0	0	0.84199
9	3.55587	2.43497	0.109955	0	0	0	0.863828
10	2.19207	4.24442	5.42901	0	0	0	0.736719
11	12.7778	4.27548	2.56554	0	0	0	0.812224
12	0.156736	3.50999	3.3908	0	0	0	0.811795
13	2.97713	5.58003	3.16046	0	0	0	0.863828
14	2.20775	4.0599	4.09162	0	0	0	0.726823
15	4.32525	3.9551	1.04112	0	0	0	0.726823
16	1.02452	6.01125	1.96689	0	0	0	0.81143
17	2.70946	6.01125	2.68827	0	0	0	0.900167
19	2.97713	6.44247	3.16046	0	0	0	0.863828
21	2.19207	7.77808	5.42901	0	0	0	0.736719
22	4.32525	0.0524046	1.04112	0	0	0	0.726823
23	13.0311	0.05058	0.051415	0	0	0	0.930634
24	4.34093	0.236923	2.37851	0	0	0	0.736719
25	0.0546461	7.95976	6.06516	0	0	0	0.930634
28	2.20775	7.9626	4.09162	0	0	0	0.726823
29	3.55587	1.57253	0.109955	0	0	0	0.863828
30	6.68974	0.497511	5.7607	0	0	0	0.811795
31	10.8583	0.0524047	2.00938	0	0	0	0.726823
32	9.46106	6.02328	2.77377	0	0	0	1.14644
33	6.37626	7.51749	0.340303	0	0	0	0.811795
34	7.76011	6.01125	2.15945	0	0	0	0.855847
35	6.82117	0.267985	5.61604	0	0	0	0.812224
36	9.91372	2.00375	2.63156	0	0	0	0.841991
37	7.55752	6.01125	1.08361	0	0	0	0.81143
38	10.8739	0.236923	0.671993	0	0	0	0.736719
39	6.24483	7.74702	0.48496	0	0	0	0.812224
40	8.74075	7.9626	5.05988	0	0	0	0.726823
41	9.51013	6.44247	5.99104	0	0	0	0.863828
42	10.1319	2.00375	5.83168	0	0	0	1.14643
43	6.49806	0.05058	2.99909	0	0	0	0.930634
44	6.58765	7.95976	3.08634	0	0	0	0.930634
45	10.0889	1.57253	2.94054	0	0	0	0.863828
46	8.72507	7.77808	3.72249	0	0	0	0.73672
47	9.24246	6.01125	0.362226	0	0	0	0.900168
48	9.51013	5.58003	5.99104	0	0	0	0.863828
49	6.49806	3.95692	2.99909	0	0	0	0.930634
50	6.24483	4.27548	0.48496	0	0	0	0.812224
51	6.37626	4.50501	0.340303	0	0	0	0.811795
52	10.8583	3.9551	2.00938	0	0	0	0.726823
53	8.72507	4.24442	3.72249	0	0	0	0.73672
54	8.74075	4.0599	5.05988	0	0	0	0.726823
55	10.8739	3.77058	0.671993	0	0	0	0.736719
56	6.82117	3.73952	5.61604	0	0	0	0.812224
57	6.68974	3.50999	5.7607	0	0	0	0.811795
58	6.58765	4.06274	3.08634	0	0	0	0.930634
59	9.46106	5.99922	2.77377	0	0	0	1.1469
60	10.0889	2.43497	2.94054	0	0	0	0.863828
61	5.30588	2.00375	3.94155	0	0	0	0.855847
62	5.50848	2.00375	5.01739	0	0	0	0.81143
63	3.82354	2.00375	5.73877	0	0	0	0.900168
64	12.0415	2.00375	4.13411	0	0	0	0.81143
65	10.3565	2.00375	3.41273	0	0	0	0.900168
66	11.8389	2.00375	5.20995	0	0	0	0.855847
67	3.15228	6.01125	3.46944	0	0	0	0.84199
68	9.68528	6.01125	5.68206	0	0	0	0.841991
20	0.288168	0.267985	3.53546	0	1	0	0.812224
26	0.156736	0.497511	3.3908	0	1	0	0.811795

Connection table:
18	27	0.807481
18	16	0.59217
18	20	0.738021
27	26	0.738021
27	23	0.531558
27	18	0.807481
27	31	0.550628
0	3	0.814355
0	7	0.583169
0	16	0.771767
0	25	0.583169
1	12	0.80748
1	14	0.550628
1	2	0.738021
1	7	0.52765
2	1	0.738021
2	16	0.59217
2	11	0.807481
3	17	0.730212
3	0	0.814355
3	10	0.671186
3	15	0.563634
3	22	0.563634
3	21	0.671186
3	67	0.549661
4	11	0.531558
4	7	0.929442
4	55	0.561211
4	66	0.57795
5	8	0.55539
5	14	0.563861
5	6	0.671355
5	24	0.671355
5	28	0.563861
5	61	0.811071
5	63	0.724842
6	5	0.671355
6	15	0.636127
6	49	0.561211
7	10	0.564838
7	4	0.929442
7	0	0.583169
7	1	0.52765
8	9	0.835642
8	5	0.55539
8	29	0.835642
9	15	0.593008
9	8	0.835642
9	63	0.855109
10	7	0.564838
10	3	0.671186
10	14	0.636127
11	2	0.807481
11	4	0.531558
11	12	0.738021
11	52	0.550628
12	11	0.738021
12	1	0.80748
12	64	0.59217
13	17	0.855109
13	14	0.593008
13	67	0.835642
14	13	0.593008
14	1	0.550628
14	5	0.563861
14	10	0.636127
15	3	0.563634
15	6	0.636127
15	9	0.593008
15	50	0.550628
16	0	0.771767
16	2	0.59217
16	17	0.683046
16	18	0.59217
17	16	0.683046
17	13	0.855109
17	3	0.730212
17	19	0.855109
19	28	0.593008
19	17	0.855109
19	67	0.835642
21	3	0.671186
21	25	0.564838
21	28	0.636127
22	29	0.593008
22	24	0.636127
22	3	0.563634
22	39	0.550628
23	25	0.929442
23	27	0.531558
23	66	0.57795
23	38	0.561211
24	22	0.636127
24	5	0.671355
24	43	0.561211
25	0	0.583169
25	23	0.929442
25	21	0.564838
25	20	0.52765
28	5	0.563861
28	20	0.550628
28	19	0.593008
28	21	0.636127
29	8	0.835642
29	22	0.593008
29	63	0.855109
30	39	0.738021
30	35	0.807481
30	62	0.59217
31	32	0.566208
31	38	0.636128
31	45	0.593008
31	27	0.550628
32	46	0.673019
32	31	0.566208
32	47	0.726926
32	34	0.81235
32	59	1.14687
32	68	0.553173
33	37	0.59217
33	39	0.807481
33	35	0.738021
34	32	0.81235
34	44	0.583169
34	37	0.771767
34	58	0.583169
35	33	0.738021
35	30	0.807481
35	40	0.550628
35	44	0.52765
36	45	0.835643
36	42	0.55539
36	60	0.835643
37	34	0.771767
37	33	0.59217
37	47	0.683046
37	51	0.59217
38	42	0.671355
38	31	0.636128
38	23	0.561211
39	33	0.807481
39	43	0.531558
39	30	0.738021
39	22	0.550628
40	35	0.550628
40	42	0.563861
40	41	0.593008
40	46	0.636128
41	40	0.593008
41	47	0.855109
41	68	0.835642
42	36	0.55539
42	38	0.671355
42	40	0.563861
42	54	0.563861
42	55	0.671355
42	66	0.811071
42	65	0.724842
43	39	0.531558
43	44	0.929443
43	24	0.561211
43	61	0.57795
44	43	0.929443
44	34	0.583169
44	46	0.564838
44	35	0.52765
45	31	0.593008
45	36	0.835643
45	65	0.85511
46	44	0.564838
46	32	0.673019
46	40	0.636128
47	37	0.683046
47	41	0.855109
47	32	0.726926
47	48	0.855109
48	47	0.855109
48	54	0.593008
48	68	0.835642
49	58	0.929443
49	50	0.531558
49	61	0.57795
49	6	0.561211
50	57	0.738021
50	49	0.531558
50	51	0.807481
50	15	0.550628
51	56	0.738021
51	50	0.807481
51	37	0.59217
52	60	0.593008
52	55	0.636128
52	59	0.566208
52	11	0.550628
53	59	0.673019
53	58	0.564838
53	54	0.636128
54	48	0.593008
54	42	0.563861
54	56	0.550628
54	53	0.636128
55	52	0.636128
55	42	0.671355
55	4	0.561211
56	54	0.550628
56	57	0.807481
56	51	0.738021
56	58	0.52765
57	56	0.807481
57	50	0.738021
57	62	0.59217
58	53	0.564838
58	34	0.583169
58	49	0.929443
58	56	0.52765
59	52	0.566208
59	32	1.14687
59	53	0.673019
60	36	0.835643
60	52	0.593008
60	65	0.85511
61	43	0.57795
61	49	0.57795
61	5	0.811071
61	62	0.771767
62	63	0.683046
62	57	0.59217
62	30	0.59217
62	61	0.771767
63	29	0.855109
63	9	0.855109
63	62	0.683046
63	5	0.724842
64	26	0.59217
64	12	0.59217
64	65	0.683046
64	66	0.771767
65	45	0.85511
65	64	0.683046
65	60	0.85511
65	42	0.724842
66	42	0.811071
66	4	0.57795
66	23	0.57795
66	64	0.771767
67	13	0.835642
67	19	0.835642
67	3	0.549661
68	41	0.835642
68	48	0.835642
68	32	0.553173
20	18	0.738021
20	28	0.550628
20	26	0.80748
20	25	0.52765
26	20	0.80748
26	27	0.738021
26	64	0.59217
