channeId 0
dimensionality3
Interstitial table:
29	12.7822	7.81193	2.51153	0	-1	0	0.812279
30	12.9571	7.49818	2.69002	0	-1	0	0.82462
83	5.43769	6.21303	6.0552	0	0	-1	0.595418
0	2.29217	4.10153	4.18531	0	0	0	0.726921
1	3.73492	2.10182	3.45862	0	0	0	1.15988
2	1.02901	6.05327	1.95675	0	0	0	0.877322
3	12.9557	3.99591	0.138529	0	0	0	0.965512
4	0.289428	3.71684	3.66854	0	0	0	0.811709
5	0.113054	3.3998	3.48877	0	0	0	0.824412
6	1.26024	6.00045	0.862837	0	0	0	0.926047
8	2.82286	5.95962	0.329235	0	0	0	1.16052
9	12.978	3.96371	0.107377	0	0	0	0.96454
10	3.60833	1.86456	3.24283	0	0	0	1.11082
11	2.22432	4.34615	5.71054	0	0	0	0.771218
12	3.38089	2.03405	0.508056	0	0	0	0.81348
13	12.7619	4.58171	2.68935	0	0	0	0.870284
14	12.6053	4.31772	2.52571	0	0	0	0.880372
15	0.0800276	4.13647	0.00950107	0	0	0	0.969485
16	4.33444	3.70515	2.59062	0	0	0	0.772141
17	2.98379	5.46461	3.2971	0	0	0	0.834461
18	4.27274	3.95092	1.06156	0	0	0	0.724933
19	3.58099	2.58234	0.166471	0	0	0	0.837661
20	2.59385	6.06706	2.60918	0	0	0	0.901463
21	2.84859	5.96034	0.350759	0	0	0	1.15761
22	3.50489	1.85792	3.32404	0	0	0	1.09963
23	12.9975	0.0487307	6.16181	0	0	0	0.964813
25	2.12146	8.11638	4.08585	0	0	0	0.803761
27	0.12405	8.09078	6.02882	0	0	0	0.960962
28	4.4431	8.12429	0.961186	0	0	0	0.805573
31	0.0952865	8.04911	6.06902	0	0	0	0.959602
32	12.9823	0.023154	6.18365	0	0	0	0.964403
33	2.92449	6.60108	3.17989	0	0	0	0.853222
34	4.40919	0.150176	2.30359	0	0	0	0.775235
35	2.15454	7.90265	5.43215	0	0	0	0.775365
36	3.63919	1.465	0.0526161	0	0	0	0.855429
37	2.95225	6.20069	0.110047	0	0	0	1.10892
38	3.06439	6.20803	0.198091	0	0	0	1.09667
40	6.79577	0.245247	5.63741	0	0	0	0.8122
41	6.61982	0.562639	5.81773	0	0	0	0.825032
42	6.59499	8.03351	3.05537	0	0	0	0.965857
43	6.47365	0.00334505	2.94455	0	0	0	0.960862
44	9.88728	1.92418	2.5416	0	0	0	0.813363
45	10.2325	1.87206	5.85313	0	0	0	1.16493
46	6.09304	7.8273	0.527053	0	0	0	0.883731
47	10.7815	0.00573457	1.9935	0	0	0	0.7288
48	10.8428	0.249652	0.474734	0	0	0	0.770953
49	8.79762	8.04712	5.12124	0	0	0	0.727214
50	6.24877	7.56367	0.363528	0	0	0	0.873816
51	9.49322	6.66991	6.01291	0	0	0	0.840014
52	9.36385	6.18392	2.70902	0	0	0	1.16407
53	6.57862	8.00596	3.03181	0	0	0	0.966318
54	7.75518	6.14171	2.18042	0	0	0	0.926527
55	6.44212	8.14644	2.90223	0	0	0	0.962297
56	10.0869	1.37835	2.88344	0	0	0	0.837805
57	8.73691	7.80367	3.59931	0	0	0	0.771211
58	10.0284	2.0931	5.97971	0	0	0	1.11014
59	10.1172	2.08744	6.04935	0	0	0	1.11992
60	7.52495	6.09007	1.0925	0	0	0	0.880866
61	9.1104	6.07843	0.431542	0	0	0	0.906266
62	6.8147	3.46917	5.81942	0	0	0	0.87242
63	9.43182	5.55536	6.12955	0	0	0	0.85892
64	8.62918	4.03492	5.21703	0	0	0	0.804981
65	8.66083	4.24701	3.87035	0	0	0	0.776142
66	6.48039	3.93708	3.13421	0	0	0	0.97243
67	10.9175	3.80968	0.740074	0	0	0	0.776712
68	6.9732	3.73704	5.65407	0	0	0	0.88252
69	6.45537	4.66067	0.364055	0	0	0	0.825507
70	6.27651	4.33816	0.545867	0	0	0	0.812101
71	6.59704	4.08606	3.23881	0	0	0	0.967684
72	6.6182	4.05554	3.26841	0	0	0	0.968636
73	10.1472	2.49956	3.00024	0	0	0	0.855422
74	10.9503	4.0228	2.08661	0	0	0	0.803899
75	9.46082	5.96663	2.92384	0	0	0	1.11901
76	9.55769	5.96059	2.84775	0	0	0	1.10857
77	5.54318	2.00584	5.08858	0	0	0	0.879651
78	3.96526	1.9905	5.74635	0	0	0	0.903269
79	5.31312	2.06007	3.99914	0	0	0	0.926267
80	11.8191	1.91375	5.31072	0	0	0	0.925282
81	10.4728	1.97567	3.56166	0	0	0	0.903295
82	12.0492	1.96444	4.21836	0	0	0	0.878192
84	3.18643	6.02373	3.64407	0	0	0	0.810218
85	11.9426	5.94932	3.25484	0	0	0	0.592585
86	9.69093	6.1289	5.67246	0	0	0	0.816018
39	7.63202	2.1077	0.128314	0	0	1	0.593495
7	1.12755	1.84857	2.92268	0	1	0	0.592696
24	0.468899	0.225998	3.64986	0	1	0	0.881268
26	0.312518	0.490128	3.48645	0	1	0	0.871314

Connection table:
29	26	0.739724
29	32	0.528069
29	30	0.809264
29	47	0.533943
30	29	0.809264
30	2	0.656479
30	24	0.749514
83	50	0.554837
0	17	0.613575
0	4	0.532243
0	1	0.577744
0	11	0.62289
1	10	1.11082
1	16	0.736577
1	0	0.577744
1	22	1.09963
1	79	0.888006
1	78	0.762716
2	6	0.838366
2	13	0.653606
2	20	0.746446
2	30	0.656479
3	9	0.96454
3	14	0.622064
3	15	0.9646
3	67	0.630238
4	5	0.808673
4	0	0.532243
4	13	0.738608
4	15	0.525808
5	14	0.748529
5	4	0.808673
5	82	0.659454
6	8	0.889526
6	15	0.66864
6	2	0.838366
6	31	0.60593
8	21	1.15761
8	11	0.734317
8	6	0.889526
8	37	1.10892
9	15	0.963982
9	3	0.96454
9	80	0.609634
10	22	1.09963
10	12	0.566365
10	1	1.11082
10	34	0.69203
11	19	0.513985
11	15	0.607905
11	8	0.734317
11	0	0.62289
12	19	0.801232
12	10	0.566365
12	36	0.801101
13	4	0.738608
13	2	0.653606
13	14	0.868369
13	85	0.548659
14	13	0.868369
14	3	0.622064
14	5	0.748529
14	74	0.686767
15	3	0.9646
15	6	0.66864
15	11	0.607905
15	9	0.963982
15	4	0.525808
16	1	0.736577
16	18	0.621588
16	17	0.515451
16	66	0.609657
17	16	0.515451
17	20	0.81367
17	0	0.613575
17	84	0.797187
18	21	0.576305
18	16	0.621588
18	19	0.61236
18	70	0.530982
19	18	0.61236
19	12	0.801232
19	11	0.513985
19	78	0.818063
20	2	0.746446
20	17	0.81367
20	21	0.765394
20	33	0.838063
21	20	0.765394
21	18	0.576305
21	8	1.15761
21	38	1.09667
22	1	1.09963
22	10	1.09963
22	25	0.624188
23	32	0.964403
23	27	0.95981
23	80	0.665772
25	22	0.624188
25	24	0.68742
25	33	0.634369
25	35	0.693869
27	23	0.95981
27	35	0.6292
27	31	0.959602
27	24	0.622519
28	36	0.634114
28	34	0.695228
28	38	0.626816
28	46	0.690365
31	27	0.959602
31	6	0.60593
31	32	0.958859
32	31	0.958859
32	29	0.528069
32	23	0.964403
32	48	0.606541
33	25	0.634369
33	20	0.838063
33	84	0.797302
34	28	0.695228
34	10	0.69203
34	55	0.628791
35	37	0.693643
35	27	0.6292
35	25	0.693869
36	12	0.801101
36	28	0.634114
36	78	0.840984
37	38	1.09667
37	8	1.10892
37	35	0.693643
37	84	0.566835
38	28	0.626816
38	21	1.09667
38	37	1.09667
40	50	0.739361
40	41	0.809194
40	49	0.532621
40	42	0.52924
41	46	0.7493
41	40	0.809194
41	77	0.659371
42	43	0.960285
42	53	0.965857
42	57	0.606963
42	40	0.52924
43	55	0.960862
43	42	0.960285
43	79	0.605475
44	56	0.801337
44	59	0.567011
44	73	0.800536
45	59	1.11992
45	48	0.733269
45	49	0.578269
45	58	1.11014
45	80	0.887454
45	81	0.763604
46	50	0.871876
46	55	0.625556
46	41	0.7493
46	28	0.690365
47	52	0.582588
47	48	0.624945
47	56	0.6145
47	29	0.533943
48	45	0.733269
48	47	0.624945
48	51	0.51644
48	32	0.606541
49	40	0.532621
49	45	0.578269
49	51	0.613633
49	57	0.62367
50	60	0.65791
50	46	0.871876
50	40	0.739361
50	83	0.554837
51	49	0.613633
51	48	0.51644
51	61	0.820536
51	86	0.804169
52	61	0.767327
52	47	0.582588
52	57	0.731921
52	54	0.885592
52	76	1.10857
52	75	1.11901
53	42	0.965857
53	55	0.961328
53	54	0.667661
54	52	0.885592
54	53	0.667661
54	60	0.841367
54	71	0.609552
55	43	0.960862
55	46	0.625556
55	53	0.961328
55	34	0.628791
56	47	0.6145
56	44	0.801337
56	57	0.515826
56	81	0.817543
57	56	0.515826
57	42	0.606963
57	52	0.731921
57	49	0.62367
58	45	1.11014
58	59	1.11014
58	64	0.624681
59	58	1.11014
59	44	0.567011
59	45	1.11992
59	67	0.69505
60	54	0.841367
60	50	0.65791
60	61	0.74696
60	69	0.663196
61	60	0.74696
61	51	0.820536
61	52	0.767327
61	63	0.845048
62	68	0.870383
62	39	0.550613
62	70	0.739497
62	77	0.658566
63	61	0.845048
63	64	0.636538
63	86	0.803671
64	63	0.636538
64	58	0.624681
64	68	0.688263
64	65	0.694879
65	75	0.694241
65	72	0.630233
65	64	0.694879
66	71	0.967224
66	70	0.53064
66	72	0.967767
66	16	0.609657
66	79	0.668224
67	74	0.694666
67	59	0.69505
67	3	0.630238
68	64	0.688263
68	62	0.870383
68	69	0.749757
68	72	0.625333
69	68	0.749757
69	70	0.809066
69	60	0.663196
70	62	0.739497
70	66	0.53064
70	69	0.809066
70	18	0.530982
71	54	0.609552
71	66	0.967224
71	72	0.967684
72	65	0.630233
72	71	0.967684
72	66	0.967767
72	68	0.625333
73	44	0.800536
73	74	0.633543
73	81	0.841226
74	73	0.633543
74	67	0.694666
74	76	0.625072
74	14	0.686767
75	76	1.10857
75	52	1.11901
75	65	0.694241
75	86	0.568139
76	74	0.625072
76	52	1.10857
76	75	1.10857
77	62	0.658566
77	41	0.659371
77	78	0.746188
77	79	0.840355
78	77	0.746188
78	36	0.840984
78	19	0.818063
78	1	0.762716
79	1	0.888006
79	43	0.605475
79	66	0.668224
79	77	0.840355
80	9	0.609634
80	23	0.665772
80	45	0.887454
80	82	0.838775
81	56	0.817543
81	82	0.745732
81	73	0.841226
81	45	0.763604
82	81	0.745732
82	26	0.65478
82	5	0.659454
82	80	0.838775
84	17	0.797187
84	33	0.797302
84	37	0.566835
85	13	0.548659
86	51	0.804169
86	63	0.803671
86	75	0.568139
39	62	0.550613
7	26	0.550511
24	30	0.749514
24	25	0.68742
24	26	0.869364
24	27	0.622519
26	24	0.869364
26	7	0.550511
26	29	0.739724
26	82	0.65478
